25
1   0   2   20  3   20  4   20  5   20  6   20
2   1   7   10  8   8
3   1   7   6   8   5   9   4
4   1   8   5   9   6   10  10
5   1   9   10  10  4   11  10
6   1   10  10  11  10
7   1   13  15
8   1   12  15  14  15
9   1   13  15  15  15
10  1   14  15  16  15
11  1   15  15
12  1   17  20
13  1   17  20  18  20
14  1   18  20  19  20
15  1   19  20  20  20
16  1   20  20  21  20
17  1   18  8   22  25
18  1   19  8   22  25  23  20
19  1   20  8   23  10  24  25
20  1   23  25  24  25
21  1   23  25
22  1   -1  30
23  1   -1  30
24  1   -1  30