25
1   0   2   20  3   20  4   20  5   20  6   20
2   1   7   10  10   10
3   1   7   10   12   6   8   8
4   1   8   5   13   9   9  8
5   1   8   7  14  10   10  7
6   1   10  12  15  15
7   1   15  18
8   1   17  12
9   1   18  20
10  1   19  22
11  1   6   5   16  2   20  11
12  1   6   7   8   6   21  10  17  8
13  1   8   8   9   7   22  10  18  10
14  1   9   6   10  5   22  6   19  5
15  1   10  6   24  10
16  1   12  5   20  8   21  9
17  1   13  10  21  7   22  15
18  1   14  9   22  4   23  8
19  1   15  8   23  6   24  9
20  1   -1  15
21  1   -1  20
22  1   -1  30
23  1   -1  20
24  1   -1  15